A 0 1,2,3
A 1 4
A 3 5
A 5 9,10,11,12,13
A 200 14,15,16,17
C 200 100,100 1,2,3 5500
A 3000 18,19,20,21,22
A 4000 23,24,25,26
A 5000 27,28,29,30
S 500000 2,3
C 505000 500,400 1,4,5 1005000
A 1000000 6,7,8
S 2000000 1,2
S 2000000 3,12
S 2000000 11,13
S 2000000 7,21
S 2000000 5,10
S 2000000 14,15
S 2000000 27,26
C 2000000 900,300 8,2,1 2080000
S 2000000 8,4
C 2205000 100,100 1,2,3,12,13,10,14,15 3105000
C 2205000 500,400 8,6,7,4,5,17,18,19,21,23,24,25,26,27,28,29,30 3105000
S 3100000 23,12
S 3100000 3,11
S 3100000 21,11
S 3100000 7,13
S 3100000 5,15
S 3100000 14,10
S 3100000 27,10
S 3100000 1,26
S 3100000 17,2
S 3100000 2,12
S 3100000 6,9